R1 = 1.00178386082 ;
R2 = 2.07307217666 ;
R3 = 3.11791302164 ;
R4 = 4.11135242335 ;
R5 = 3.10459842619 ;
R6 = 2.07173360658 ;
R7 = 1.04343065609 ;
Vs = 5.04614426621 ;
C = 1.03856229188 ;
Kb = 7.27010540728 ;
Kd = 8.2955596227 ;
