filename = data.txt
x =

   5.0461
   4.8029
   4.2763
   4.8378
   5.6265
  -1.9347
  -2.9092

x2 =

  -0.00000
   0.00000
   0.00000
   8.53567
  -0.00000
  -0.00000

Yc =  0.0000000 + 0.0065255i
x4 =

   1.00000 + 0.00000i
   0.95179 - 0.00000i
   0.84743 - 0.00000i
   0.95872 - 0.00000i
  -0.57240 - 0.08329i
  -0.38341 + 0.00000i
  -0.57651 + 0.00000i

Symbolic pkg v2.8.0: Python communication link active, SymPy v1.5.1.
